vertices,edges,expectedEdges, expectedVarience
10,9,9,9
10,15,9,9
10,3,9,9
10,6,9,9
10,14,9,9
10,6,9,9
10,11,9,9
10,3,9,9
10,14,9,9
10,13,9,9
10,16,9,9
10,13,9,9
10,6,9,9
10,8,9,9
10,11,9,9
10,7,9,9
10,9,9,9
10,6,9,9
10,7,9,9
10,14,9,9
16,8,15,25
16,15,15,25
16,18,15,25
16,21,15,25
16,14,15,25
16,15,15,25
16,7,15,25
16,11,15,25
16,28,15,25
16,14,15,25
16,5,15,25
16,22,15,25
16,18,15,25
16,16,15,25
16,23,15,25
16,27,15,25
16,10,15,25
16,8,15,25
16,9,15,25
16,20,15,25
26,10,25,67
26,37,25,67
26,34,25,67
26,30,25,67
26,12,25,67
26,41,25,67
26,17,25,67
26,34,25,67
26,13,25,67
26,22,25,67
26,21,25,67
26,38,25,67
26,48,25,67
26,40,25,67
26,30,25,67
26,33,25,67
26,14,25,67
26,14,25,67
26,35,25,67
26,17,25,67
42,53,41,174
42,29,41,174
42,21,41,174
42,18,41,174
42,51,41,174
42,65,41,174
42,78,41,174
42,28,41,174
42,29,41,174
42,31,41,174
42,40,41,174
42,27,41,174
42,42,41,174
42,50,41,174
42,53,41,174
42,52,41,174
42,35,41,174
42,26,41,174
42,28,41,174
42,16,41,174
69,92,68,452
69,42,68,452
69,35,68,452
69,44,68,452
69,105,68,452
69,92,68,452
69,67,68,452
69,78,68,452
69,47,68,452
69,77,68,452
69,78,68,452
69,47,68,452
69,38,68,452
69,109,68,452
69,45,68,452
69,103,68,452
69,63,68,452
69,48,68,452
69,108,68,452
69,48,68,452
112,147,111,1132
112,28,111,1132
112,85,111,1132
112,118,111,1132
112,128,111,1132
112,176,111,1132
112,55,111,1132
112,92,111,1132
112,112,111,1132
112,129,111,1132
112,138,111,1132
112,74,111,1132
112,148,111,1132
112,95,111,1132
112,112,111,1132
112,108,111,1132
112,62,111,1132
112,177,111,1132
112,136,111,1132
112,135,111,1132
183,93,181,2842
183,319,181,2842
183,241,181,2842
183,200,181,2842
183,177,181,2842
183,155,181,2842
183,153,181,2842
183,257,181,2842
183,19,181,2842
183,194,181,2842
183,83,181,2842
183,111,181,2842
183,202,181,2842
183,198,181,2842
183,92,181,2842
183,147,181,2842
183,156,181,2842
183,166,181,2842
183,113,181,2842
183,178,181,2842
297,216,295,7023
297,223,295,7023
297,347,295,7023
297,82,295,7023
297,409,295,7023
297,305,295,7023
297,181,295,7023
297,264,295,7023
297,208,295,7023
297,166,295,7023
297,319,295,7023
297,390,295,7023
297,380,295,7023
297,339,295,7023
297,313,295,7023
297,432,295,7023
297,178,295,7023
297,266,295,7023
297,253,295,7023
297,83,295,7023
483,816,482,17409
483,487,482,17409
483,521,482,17409
483,180,482,17409
483,527,482,17409
483,320,482,17409
483,313,482,17409
483,502,482,17409
483,196,482,17409
483,420,482,17409
483,291,482,17409
483,508,482,17409
483,280,482,17409
483,430,482,17409
483,345,482,17409
483,452,482,17409
483,708,482,17409
483,368,482,17409
483,746,482,17409
483,770,482,17409
784,1061,782,43039
784,687,782,43039
784,862,782,43039
784,610,782,43039
784,840,782,43039
784,743,782,43039
784,524,782,43039
784,1178,782,43039
784,877,782,43039
784,844,782,43039
784,424,782,43039
784,776,782,43039
784,803,782,43039
784,613,782,43039
784,1043,782,43039
784,1074,782,43039
784,616,782,43039
784,778,782,43039
784,1119,782,43039
784,690,782,43039
1274,1648,1273,106827
1274,1132,1273,106827
1274,1124,1273,106827
1274,783,1273,106827
1274,1347,1273,106827
1274,1338,1273,106827
1274,1344,1273,106827
1274,1015,1273,106827
1274,1225,1273,106827
1274,758,1273,106827
1274,1199,1273,106827
1274,977,1273,106827
1274,1283,1273,106827
1274,500,1273,106827
1274,646,1273,106827
1274,926,1273,106827
1274,1019,1273,106827
1274,1217,1273,106827
1274,751,1273,106827
1274,2224,1273,106827
2000,1251,1999,249087
2000,2424,1999,249087
2000,2935,1999,249087
2000,1656,1999,249087
2000,927,1999,249087
2000,1238,1999,249087
2000,1859,1999,249087
2000,1191,1999,249087
2000,2071,1999,249087
2000,2776,1999,249087
2000,2686,1999,249087
2000,2219,1999,249087
2000,1563,1999,249087
2000,1509,1999,249087
2000,2344,1999,249087
2000,1758,1999,249087
2000,1731,1999,249087
2000,2713,1999,249087
2000,3071,1999,249087
2000,2518,1999,249087
3000,3570,2998,534242
3000,2503,2998,534242
3000,1315,2998,534242
3000,2130,2998,534242
3000,3127,2998,534242
3000,4342,2998,534242
3000,1972,2998,534242
3000,2392,2998,534242
3000,2898,2998,534242
3000,2762,2998,534242
3000,1709,2998,534242
3000,4385,2998,534242
3000,1206,2998,534242
3000,2917,2998,534242
3000,3008,2998,534242
3000,1715,2998,534242
3000,2000,2998,534242
3000,2427,2998,534242
3000,1961,2998,534242
3000,977,2998,534242
4000,5286,3999,919065
4000,3594,3999,919065
4000,1765,3999,919065
4000,3315,3999,919065
4000,3562,3999,919065
4000,2445,3999,919065
4000,3707,3999,919065
4000,5141,3999,919065
4000,2950,3999,919065
4000,3859,3999,919065
4000,1673,3999,919065
4000,4270,3999,919065
4000,2997,3999,919065
4000,5026,3999,919065
4000,3293,3999,919065
4000,3700,3999,919065
4000,6504,3999,919065
4000,2805,3999,919065
4000,5083,3999,919065
4000,6053,3999,919065
5000,5392,4998,1400795
5000,5540,4998,1400795
5000,5429,4998,1400795
5000,6010,4998,1400795
5000,4853,4998,1400795
5000,3126,4998,1400795
5000,3341,4998,1400795
5000,4393,4998,1400795
5000,4524,4998,1400795
5000,5165,4998,1400795
5000,7269,4998,1400795
5000,6945,4998,1400795
5000,4622,4998,1400795
5000,4130,4998,1400795
5000,3178,4998,1400795
5000,7954,4998,1400795
5000,8717,4998,1400795
5000,3885,4998,1400795
5000,4094,4998,1400795
5000,8303,4998,1400795
6000,5454,5998,1977408
6000,5756,5998,1977408
6000,7012,5998,1977408
6000,6659,5998,1977408
6000,3523,5998,1977408
6000,9298,5998,1977408
6000,4430,5998,1977408
6000,7291,5998,1977408
6000,7625,5998,1977408
6000,6163,5998,1977408
6000,6198,5998,1977408
6000,7463,5998,1977408
6000,7348,5998,1977408
6000,5107,5998,1977408
6000,5062,5998,1977408
6000,7936,5998,1977408
6000,7024,5998,1977408
6000,5877,5998,1977408
6000,6485,5998,1977408
6000,3745,5998,1977408
7000,5629,6998,2647322
7000,5192,6998,2647322
7000,6424,6998,2647322
7000,4606,6998,2647322
7000,10880,6998,2647322
7000,9628,6998,2647322
7000,5911,6998,2647322
7000,11542,6998,2647322
7000,5323,6998,2647322
7000,8904,6998,2647322
7000,8544,6998,2647322
7000,5993,6998,2647322
7000,6756,6998,2647322
7000,7068,6998,2647322
7000,3690,6998,2647322
7000,7165,6998,2647322
7000,6101,6998,2647322
7000,5262,6998,2647322
7000,5530,6998,2647322
7000,4289,6998,2647322
8000,10173,7999,3409239
8000,6704,7999,3409239
8000,5460,7999,3409239
8000,13161,7999,3409239
8000,5622,7999,3409239
8000,11418,7999,3409239
8000,6955,7999,3409239
8000,4273,7999,3409239
8000,6127,7999,3409239
8000,13815,7999,3409239
8000,11462,7999,3409239
8000,5485,7999,3409239
8000,7681,7999,3409239
8000,12097,7999,3409239
8000,9657,7999,3409239
8000,8351,7999,3409239
8000,8154,7999,3409239
8000,7753,7999,3409239
8000,5210,7999,3409239
8000,6185,7999,3409239
9000,12508,8999,4262070
9000,8918,8999,4262070
9000,9125,8999,4262070
9000,9575,8999,4262070
9000,11770,8999,4262070
9000,7588,8999,4262070
9000,11117,8999,4262070
9000,8948,8999,4262070
9000,14748,8999,4262070
9000,12031,8999,4262070
9000,10880,8999,4262070
9000,7913,8999,4262070
9000,5864,8999,4262070
9000,7152,8999,4262070
9000,9476,8999,4262070
9000,11619,8999,4262070
9000,7159,8999,4262070
9000,3013,8999,4262070
9000,15759,8999,4262070
9000,14569,8999,4262070
